-1 0.000000 1664546986.277512 sync ((coronal (0.997859024188383902931 -2.98203091226722814603e-16 0.0654015890159128088222)) (sagittal (2.98842906661357839669e-16 1.0 0.0)) (skeleton (((child (((pixel (nan nan)) (position (0.0490215516263126441232 3.21541501170159928759e-18 1.18057485369020565003)) (status updated) (tag head)) ((child (((child (((pixel (nan nan)) (position (0.0848418511555550092229 0.355951663661566441998 0.356989139998697246892)) (status updated) (tag handLeft)))) (pixel (nan nan)) (position (-0.0828213733905118765222 0.293697920241284715637 0.739408027236870268872)) (status updated) (tag elbowLeft)))) (pixel (nan nan)) (position (-0.0393866742647400042143 0.208972820646307205772 0.971649462838863442471)) (status updated) (tag shoulderLeft)) ((child (((child (((pixel (nan nan)) (position (0.0842950246718850715322 -0.35557117294189433121 0.356710127649592478871)) (status updated) (tag handRight)))) (pixel (nan nan)) (position (-0.0828213733905120430556 -0.293697920241284771148 0.739408027236870268872)) (status updated) (tag elbowRight)))) (pixel (nan nan)) (position (-0.0393866742647401291144 -0.208972820646307205772 0.971649462838863442471)) (status updated) (tag shoulderRight)) ((child (((child (((child (((child (((pixel (nan nan)) (position (nan nan nan)) (status stale) (tag footLeft)))) (pixel (nan nan)) (position (nan nan nan)) (status stale) (tag ankleLeft)))) (pixel (nan nan)) (position (nan nan nan)) (status stale) (tag kneeLeft)))) (pixel (nan nan)) (position (0.0 0.100000000000000005551 1.31838984174237339175e-16)) (status updated) (tag hipLeft)) ((child (((child (((child (((pixel (nan nan)) (position (nan nan nan)) (status stale) (tag footRight)))) (pixel (nan nan)) (position (nan nan nan)) (status stale) (tag ankleRight)))) (pixel (nan nan)) (position (nan nan nan)) (status stale) (tag kneeRight)))) (pixel (nan nan)) (position (0.0 -0.100000000000000005551 1.21430643318376496609e-16)) (status updated) (tag hipRight)))) (pixel (nan nan)) (position (0.0 0.0 1.24900090270330110798e-16)) (status updated) (tag hipCenter)))) (pixel (nan nan)) (position (-0.0652170711096631272596 2.64477494160212310611e-17 0.995043758372276765378)) (status updated) (tag shoulderCenter)))) (stamp 1664546986.2142701149) (tag robot) (transformation (4 4 (-1.67773437038179487414e-16 -0.139139681650998575657 0.990272764944113093044 0.0490215516263126441232 -1.0 4.50469128700197692774e-17 -1.630920587129338692e-16 3.21541501170159928759e-18 -2.19161538308674406343e-17 -0.990272764944113093044 -0.139139681650998575657 1.18057485369020565003 0.0 0.0 0.0 1.0))) (transverse (-0.0654015890159128088222 2.65225777280601857012e-17 0.997859024188383902931)) (type "assistive_rehab::SkeletonStd") (id 0))
-1 0.000000 1664546986.362143 sync ((coronal (0.997859024188383902931 -2.98203091226722814603e-16 0.0654015890159128088222)) (sagittal (2.98842906661357839669e-16 1.0 0.0)) (skeleton (((child (((pixel (nan nan)) (position (0.0490215516263126441232 3.21541501170159928759e-18 1.18057485369020565003)) (status updated) (tag head)) ((child (((child (((pixel (nan nan)) (position (0.0855278526173413322642 0.356102463262236046404 0.357315235019575572206)) (status updated) (tag handLeft)))) (pixel (nan nan)) (position (-0.0828213733905118765222 0.293697920241284715637 0.739408027236870268872)) (status updated) (tag elbowLeft)))) (pixel (nan nan)) (position (-0.0393866742647400042143 0.208972820646307205772 0.971649462838863442471)) (status updated) (tag shoulderLeft)) ((child (((child (((pixel (nan nan)) (position (0.0842950246718850715322 -0.35557117294189433121 0.356710127649592478871)) (status updated) (tag handRight)))) (pixel (nan nan)) (position (-0.0828213733905120430556 -0.293697920241284771148 0.739408027236870268872)) (status updated) (tag elbowRight)))) (pixel (nan nan)) (position (-0.0393866742647401291144 -0.208972820646307205772 0.971649462838863442471)) (status updated) (tag shoulderRight)) ((child (((child (((child (((child (((pixel (nan nan)) (position (nan nan nan)) (status stale) (tag footLeft)))) (pixel (nan nan)) (position (nan nan nan)) (status stale) (tag ankleLeft)))) (pixel (nan nan)) (position (nan nan nan)) (status stale) (tag kneeLeft)))) (pixel (nan nan)) (position (0.0 0.100000000000000005551 1.31838984174237339175e-16)) (status updated) (tag hipLeft)) ((child (((child (((child (((pixel (nan nan)) (position (nan nan nan)) (status stale) (tag footRight)))) (pixel (nan nan)) (position (nan nan nan)) (status stale) (tag ankleRight)))) (pixel (nan nan)) (position (nan nan nan)) (status stale) (tag kneeRight)))) (pixel (nan nan)) (position (0.0 -0.100000000000000005551 1.21430643318376496609e-16)) (status updated) (tag hipRight)))) (pixel (nan nan)) (position (0.0 0.0 1.24900090270330110798e-16)) (status updated) (tag hipCenter)))) (pixel (nan nan)) (position (-0.0652170711096631272596 2.64477494160212310611e-17 0.995043758372276765378)) (status updated) (tag shoulderCenter)))) (stamp 1664546986.31621003151) (tag robot) (transformation (4 4 (-1.67773437038179487414e-16 -0.139139681650998575657 0.990272764944113093044 0.0490215516263126441232 -1.0 4.50469128700197692774e-17 -1.630920587129338692e-16 3.21541501170159928759e-18 -2.19161538308674406343e-17 -0.990272764944113093044 -0.139139681650998575657 1.18057485369020565003 0.0 0.0 0.0 1.0))) (transverse (-0.0654015890159128088222 2.65225777280601857012e-17 0.997859024188383902931)) (type "assistive_rehab::SkeletonStd") (id 0))
-1 0.000000 1664546986.457967 sync ((coronal (0.997859024188383902931 -2.98203091226722814603e-16 0.0654015890159128088222)) (sagittal (2.98842906661357839669e-16 1.0 0.0)) (skeleton (((child (((pixel (nan nan)) (position (0.0490215516263126441232 3.21541501170159928759e-18 1.18057485369020565003)) (status updated) (tag head)) ((child (((child (((pixel (nan nan)) (position (0.0855278526173413322642 0.356102463262236046404 0.357315235019575572206)) (status updated) (tag handLeft)))) (pixel (nan nan)) (position (-0.0828213733905118765222 0.293697920241284715637 0.739408027236870268872)) (status updated) (tag elbowLeft)))) (pixel (nan nan)) (position (-0.0393866742647400042143 0.208972820646307205772 0.971649462838863442471)) (status updated) (tag shoulderLeft)) ((child (((child (((pixel (nan nan)) (position (0.0842927102202195854819 -0.355572086430748057762 0.356709264674301806952)) (status updated) (tag handRight)))) (pixel (nan nan)) (position (-0.0828213733905120430556 -0.293697920241284771148 0.739408027236870268872)) (status updated) (tag elbowRight)))) (pixel (nan nan)) (position (-0.0393866742647401291144 -0.208972820646307205772 0.971649462838863442471)) (status updated) (tag shoulderRight)) ((child (((child (((child (((child (((pixel (nan nan)) (position (nan nan nan)) (status stale) (tag footLeft)))) (pixel (nan nan)) (position (nan nan nan)) (status stale) (tag ankleLeft)))) (pixel (nan nan)) (position (nan nan nan)) (status stale) (tag kneeLeft)))) (pixel (nan nan)) (position (0.0 0.100000000000000005551 1.31838984174237339175e-16)) (status updated) (tag hipLeft)) ((child (((child (((child (((pixel (nan nan)) (position (nan nan nan)) (status stale) (tag footRight)))) (pixel (nan nan)) (position (nan nan nan)) (status stale) (tag ankleRight)))) (pixel (nan nan)) (position (nan nan nan)) (status stale) (tag kneeRight)))) (pixel (nan nan)) (position (0.0 -0.100000000000000005551 1.21430643318376496609e-16)) (status updated) (tag hipRight)))) (pixel (nan nan)) (position (0.0 0.0 1.24900090270330110798e-16)) (status updated) (tag hipCenter)))) (pixel (nan nan)) (position (-0.0652170711096631272596 2.64477494160212310611e-17 0.995043758372276765378)) (status updated) (tag shoulderCenter)))) (stamp 1664546986.41301989555) (tag robot) (transformation (4 4 (-1.67773437038179487414e-16 -0.139139681650998575657 0.990272764944113093044 0.0490215516263126441232 -1.0 4.50469128700197692774e-17 -1.630920587129338692e-16 3.21541501170159928759e-18 -2.19161538308674406343e-17 -0.990272764944113093044 -0.139139681650998575657 1.18057485369020565003 0.0 0.0 0.0 1.0))) (transverse (-0.0654015890159128088222 2.65225777280601857012e-17 0.997859024188383902931)) (type "assistive_rehab::SkeletonStd") (id 0))
-1 0.000000 1664546986.722127 sync ((coronal (0.997860221449866524601 -2.98203449019824315396e-16 0.0653833193408189100593)) (sagittal (2.98842906661357839669e-16 1.0 0.0)) (skeleton (((child (((pixel (nan nan)) (position (0.0496054556519931952319 3.09105671513788040572e-18 1.18027016269422135863)) (status updated) (tag head)) ((child (((child (((pixel (nan nan)) (position (0.0855255636607174518637 0.356103258353675400372 0.357314356375844965896)) (status updated) (tag handLeft)))) (pixel (nan nan)) (position (-0.0828213733905119597889 0.293697920241284715637 0.739408027236869935805)) (status updated) (tag elbowLeft)))) (pixel (nan nan)) (position (-0.0393866742647400736033 0.208972820646307205772 0.971649462838863220426)) (status updated) (tag shoulderLeft)) ((child (((child (((pixel (nan nan)) (position (0.0842927102202195299707 -0.355572086430748057762 0.356709264674301473885)) (status updated) (tag handRight)))) (pixel (nan nan)) (position (-0.0828213733905120985668 -0.293697920241284771148 0.739408027236869935805)) (status updated) (tag elbowRight)))) (pixel (nan nan)) (position (-0.0393866742647401985034 -0.208972820646307205772 0.971649462838863220426)) (status updated) (tag shoulderRight)) ((child (((child (((child (((child (((pixel (nan nan)) (position (nan nan nan)) (status stale) (tag footLeft)))) (pixel (nan nan)) (position (nan nan nan)) (status stale) (tag ankleLeft)))) (pixel (nan nan)) (position (nan nan nan)) (status stale) (tag kneeLeft)))) (pixel (nan nan)) (position (-4.16333634234433702659e-17 0.100000000000000005551 -1.31838984174237339175e-16)) (status updated) (tag hipLeft)) ((child (((child (((child (((pixel (nan nan)) (position (nan nan nan)) (status stale) (tag footRight)))) (pixel (nan nan)) (position (nan nan nan)) (status stale) (tag ankleRight)))) (pixel (nan nan)) (position (nan nan nan)) (status stale) (tag kneeRight)))) (pixel (nan nan)) (position (-4.16333634234433702659e-17 -0.100000000000000005551 -1.45716771982051795931e-16)) (status updated) (tag hipRight)))) (pixel (nan nan)) (position (-4.16333634234433702659e-17 1.23259516440783094596e-32 -1.38777878078144567553e-16)) (status updated) (tag hipCenter)))) (pixel (nan nan)) (position (-0.0652018322209171052872 2.64411597312780318781e-17 0.995090420536095865423)) (status updated) (tag shoulderCenter)))) (stamp 1664546986.5148499012) (tag robot) (transformation (4 4 (-1.67653179496813575984e-16 -0.142177148273620573837 0.989841228939662309827 0.0496054556519931952319 -1.0 4.5764453666073583687e-17 -1.62800371686774814848e-16 3.09105671513788040572e-18 -2.21530504742673849158e-17 -0.989841228939662309827 -0.142177148273620573837 1.18027016269422135863 0.0 0.0 0.0 1.0))) (transverse (-0.0653833193408189100593 2.65147578153047872126e-17 0.997860221449866524601)) (type "assistive_rehab::SkeletonStd") (id 0))
-1 0.000000 1664546986.734943 sync ((coronal (0.997860221449866524601 -2.98203449019824315396e-16 0.0653833193408189100593)) (sagittal (2.98842906661357839669e-16 1.0 0.0)) (skeleton (((child (((pixel (nan nan)) (position (0.0496054556519931952319 3.09105671513788040572e-18 1.18027016269422135863)) (status updated) (tag head)) ((child (((child (((pixel (nan nan)) (position (0.0855255636607174518637 0.356103258353675400372 0.357314356375844965896)) (status updated) (tag handLeft)))) (pixel (nan nan)) (position (-0.0828213733905119597889 0.293697920241284715637 0.739408027236869935805)) (status updated) (tag elbowLeft)))) (pixel (nan nan)) (position (-0.0393866742647400736033 0.208972820646307205772 0.971649462838863220426)) (status updated) (tag shoulderLeft)) ((child (((child (((pixel (nan nan)) (position (0.0842927102202195299707 -0.355572086430748057762 0.356709264674301473885)) (status updated) (tag handRight)))) (pixel (nan nan)) (position (-0.0828213733905120985668 -0.293697920241284771148 0.739408027236869935805)) (status updated) (tag elbowRight)))) (pixel (nan nan)) (position (-0.0393866742647401985034 -0.208972820646307205772 0.971649462838863220426)) (status updated) (tag shoulderRight)) ((child (((child (((child (((child (((pixel (nan nan)) (position (nan nan nan)) (status stale) (tag footLeft)))) (pixel (nan nan)) (position (nan nan nan)) (status stale) (tag ankleLeft)))) (pixel (nan nan)) (position (nan nan nan)) (status stale) (tag kneeLeft)))) (pixel (nan nan)) (position (-4.16333634234433702659e-17 0.100000000000000005551 -1.31838984174237339175e-16)) (status updated) (tag hipLeft)) ((child (((child (((child (((pixel (nan nan)) (position (nan nan nan)) (status stale) (tag footRight)))) (pixel (nan nan)) (position (nan nan nan)) (status stale) (tag ankleRight)))) (pixel (nan nan)) (position (nan nan nan)) (status stale) (tag kneeRight)))) (pixel (nan nan)) (position (-4.16333634234433702659e-17 -0.100000000000000005551 -1.45716771982051795931e-16)) (status updated) (tag hipRight)))) (pixel (nan nan)) (position (-4.16333634234433702659e-17 1.23259516440783094596e-32 -1.38777878078144567553e-16)) (status updated) (tag hipCenter)))) (pixel (nan nan)) (position (-0.0652018322209171052872 2.64411597312780318781e-17 0.995090420536095865423)) (status updated) (tag shoulderCenter)))) (stamp 1664546986.5148499012) (tag robot) (transformation (4 4 (-1.67653179496813575984e-16 -0.142177148273620573837 0.989841228939662309827 0.0496054556519931952319 -1.0 4.5764453666073583687e-17 -1.62800371686774814848e-16 3.09105671513788040572e-18 -2.21530504742673849158e-17 -0.989841228939662309827 -0.142177148273620573837 1.18027016269422135863 0.0 0.0 0.0 1.0))) (transverse (-0.0653833193408189100593 2.65147578153047872126e-17 0.997860221449866524601)) (type "assistive_rehab::SkeletonStd") (id 0))
-1 0.000000 1664546986.771387 sync ((coronal (0.997859621728719448086 -2.98203269797413564676e-16 0.0653924714582408139751)) (sagittal (2.98842906661357839669e-16 1.0 0.0)) (skeleton (((child (((pixel (nan nan)) (position (0.0493136204869946415119 3.15319353250217477853e-18 1.18042273211719317416)) (status updated) (tag head)) ((child (((child (((pixel (nan nan)) (position (0.0854160229231576417774 0.355762953356654809678 0.357210694831879338462)) (status updated) (tag handLeft)))) (pixel (nan nan)) (position (-0.0828213733905119181555 0.293697920241284715637 0.73940802723687015785)) (status updated) (tag elbowLeft)))) (pixel (nan nan)) (position (-0.0393866742647400458477 0.208972820646307205772 0.971649462838863331449)) (status updated) (tag shoulderLeft)) ((child (((child (((pixel (nan nan)) (position (0.0842927102202195299707 -0.355572086430748057762 0.356709264674301806952)) (status updated) (tag handRight)))) (pixel (nan nan)) (position (-0.082821373390512084689 -0.293697920241284771148 0.73940802723687015785)) (status updated) (tag elbowRight)))) (pixel (nan nan)) (position (-0.0393866742647401707478 -0.208972820646307205772 0.971649462838863331449)) (status updated) (tag shoulderRight)) ((child (((child (((child (((child (((pixel (nan nan)) (position (nan nan nan)) (status stale) (tag footLeft)))) (pixel (nan nan)) (position (nan nan nan)) (status stale) (tag ankleLeft)))) (pixel (nan nan)) (position (nan nan nan)) (status stale) (tag kneeLeft)))) (pixel (nan nan)) (position (-2.77555756156289135106e-17 0.100000000000000005551 6.24500451351650553988e-17)) (status updated) (tag hipLeft)) ((child (((child (((child (((pixel (nan nan)) (position (nan nan nan)) (status stale) (tag footRight)))) (pixel (nan nan)) (position (nan nan nan)) (status stale) (tag ankleRight)))) (pixel (nan nan)) (position (nan nan nan)) (status stale) (tag kneeRight)))) (pixel (nan nan)) (position (-2.77555756156289135106e-17 -0.100000000000000005551 5.20417042793042128324e-17)) (status updated) (tag hipRight)))) (pixel (nan nan)) (position (-2.77555756156289135106e-17 -1.23259516440783094596e-32 5.898059818321144121e-17)) (status updated) (tag hipCenter)))) (pixel (nan nan)) (position (-0.0652094695600529961066 2.64444585987572170743e-17 0.995067095298242443313)) (status updated) (tag shoulderCenter)))) (stamp 1664546986.71361994743) (tag robot) (transformation (4 4 (-1.67713217418531997512e-16 -0.140658580454731146903 0.990058161798820668409 0.0493136204869946415119 -1.0 4.54057951289152670919e-17 -1.6294649037402901184e-16 3.15319353250217477853e-18 -2.20345560342562706861e-17 -0.990058161798820668409 -0.140658580454731146903 1.18042273211719317416 0.0 0.0 0.0 1.0))) (transverse (-0.0653924714582408139751 2.65186715336694783779e-17 0.997859621728719448086)) (type "assistive_rehab::SkeletonStd") (id 0))
-1 0.000000 1664546986.876498 sync ((coronal (0.997859621728719448086 -2.98203269797413564676e-16 0.0653924714582408139751)) (sagittal (2.98842906661357839669e-16 1.0 0.0)) (skeleton (((child (((pixel (nan nan)) (position (0.0493136204869946415119 3.15319353250217477853e-18 1.18042273211719317416)) (status updated) (tag head)) ((child (((child (((pixel (nan nan)) (position (0.0855278526173413045086 0.356102463262236046404 0.357315235019575461184)) (status updated) (tag handLeft)))) (pixel (nan nan)) (position (-0.0828213733905119181555 0.293697920241284715637 0.73940802723687015785)) (status updated) (tag elbowLeft)))) (pixel (nan nan)) (position (-0.0393866742647400458477 0.208972820646307205772 0.971649462838863331449)) (status updated) (tag shoulderLeft)) ((child (((child (((pixel (nan nan)) (position (0.0842950246718850298988 -0.35557117294189433121 0.356710127649592478871)) (status updated) (tag handRight)))) (pixel (nan nan)) (position (-0.082821373390512084689 -0.293697920241284771148 0.73940802723687015785)) (status updated) (tag elbowRight)))) (pixel (nan nan)) (position (-0.0393866742647401707478 -0.208972820646307205772 0.971649462838863331449)) (status updated) (tag shoulderRight)) ((child (((child (((child (((child (((pixel (nan nan)) (position (nan nan nan)) (status stale) (tag footLeft)))) (pixel (nan nan)) (position (nan nan nan)) (status stale) (tag ankleLeft)))) (pixel (nan nan)) (position (nan nan nan)) (status stale) (tag kneeLeft)))) (pixel (nan nan)) (position (-2.77555756156289135106e-17 0.100000000000000005551 6.24500451351650553988e-17)) (status updated) (tag hipLeft)) ((child (((child (((child (((pixel (nan nan)) (position (nan nan nan)) (status stale) (tag footRight)))) (pixel (nan nan)) (position (nan nan nan)) (status stale) (tag ankleRight)))) (pixel (nan nan)) (position (nan nan nan)) (status stale) (tag kneeRight)))) (pixel (nan nan)) (position (-2.77555756156289135106e-17 -0.100000000000000005551 5.20417042793042128324e-17)) (status updated) (tag hipRight)))) (pixel (nan nan)) (position (-2.77555756156289135106e-17 -1.23259516440783094596e-32 5.898059818321144121e-17)) (status updated) (tag hipCenter)))) (pixel (nan nan)) (position (-0.0652094695600529961066 2.64444585987572170743e-17 0.995067095298242443313)) (status updated) (tag shoulderCenter)))) (stamp 1664546986.81546998024) (tag robot) (transformation (4 4 (-1.67713217418531997512e-16 -0.140658580454731146903 0.990058161798820668409 0.0493136204869946415119 -1.0 4.54057951289152670919e-17 -1.6294649037402901184e-16 3.15319353250217477853e-18 -2.20345560342562706861e-17 -0.990058161798820668409 -0.140658580454731146903 1.18042273211719317416 0.0 0.0 0.0 1.0))) (transverse (-0.0653924714582408139751 2.65186715336694783779e-17 0.997859621728719448086)) (type "assistive_rehab::SkeletonStd") (id 0))
-1 0.000000 1664546986.972221 sync ((coronal (0.997859024188383902931 -2.98203091226722814603e-16 0.0654015890159128088222)) (sagittal (2.98842906661357839669e-16 1.0 0.0)) (skeleton (((child (((pixel (nan nan)) (position (0.0490215516263126441232 3.21541501170159928759e-18 1.18057485369020565003)) (status updated) (tag head)) ((child (((child (((pixel (nan nan)) (position (0.0855278526173413322642 0.356102463262236046404 0.357315235019575572206)) (status updated) (tag handLeft)))) (pixel (nan nan)) (position (-0.0828213733905118765222 0.293697920241284715637 0.739408027236870268872)) (status updated) (tag elbowLeft)))) (pixel (nan nan)) (position (-0.0393866742647400042143 0.208972820646307205772 0.971649462838863442471)) (status updated) (tag shoulderLeft)) ((child (((child (((pixel (nan nan)) (position (0.0842927102202195854819 -0.355572086430748057762 0.356709264674301806952)) (status updated) (tag handRight)))) (pixel (nan nan)) (position (-0.0828213733905120430556 -0.293697920241284771148 0.739408027236870268872)) (status updated) (tag elbowRight)))) (pixel (nan nan)) (position (-0.0393866742647401291144 -0.208972820646307205772 0.971649462838863442471)) (status updated) (tag shoulderRight)) ((child (((child (((child (((child (((pixel (nan nan)) (position (nan nan nan)) (status stale) (tag footLeft)))) (pixel (nan nan)) (position (nan nan nan)) (status stale) (tag ankleLeft)))) (pixel (nan nan)) (position (nan nan nan)) (status stale) (tag kneeLeft)))) (pixel (nan nan)) (position (0.0 0.100000000000000005551 1.31838984174237339175e-16)) (status updated) (tag hipLeft)) ((child (((child (((child (((pixel (nan nan)) (position (nan nan nan)) (status stale) (tag footRight)))) (pixel (nan nan)) (position (nan nan nan)) (status stale) (tag ankleRight)))) (pixel (nan nan)) (position (nan nan nan)) (status stale) (tag kneeRight)))) (pixel (nan nan)) (position (0.0 -0.100000000000000005551 1.21430643318376496609e-16)) (status updated) (tag hipRight)))) (pixel (nan nan)) (position (0.0 0.0 1.24900090270330110798e-16)) (status updated) (tag hipCenter)))) (pixel (nan nan)) (position (-0.0652170711096631272596 2.64477494160212310611e-17 0.995043758372276765378)) (status updated) (tag shoulderCenter)))) (stamp 1664546986.91724991798) (tag robot) (transformation (4 4 (-1.67773437038179487414e-16 -0.139139681650998575657 0.990272764944113093044 0.0490215516263126441232 -1.0 4.50469128700197692774e-17 -1.630920587129338692e-16 3.21541501170159928759e-18 -2.19161538308674406343e-17 -0.990272764944113093044 -0.139139681650998575657 1.18057485369020565003 0.0 0.0 0.0 1.0))) (transverse (-0.0654015890159128088222 2.65225777280601857012e-17 0.997859024188383902931)) (type "assistive_rehab::SkeletonStd") (id 0))
-1 0.000000 1664546987.057679 sync ((coronal (0.997859621728719448086 -2.98203269797413564676e-16 0.0653924714582408139751)) (sagittal (2.98842906661357839669e-16 1.0 0.0)) (skeleton (((child (((pixel (nan nan)) (position (0.0493136204869946415119 3.15319353250217477853e-18 1.18042273211719317416)) (status updated) (tag head)) ((child (((child (((pixel (nan nan)) (position (0.0854183112038419817269 0.355762155249990386086 0.357211572502028062992)) (status updated) (tag handLeft)))) (pixel (nan nan)) (position (-0.0828213733905119181555 0.293697920241284715637 0.73940802723687015785)) (status updated) (tag elbowLeft)))) (pixel (nan nan)) (position (-0.0393866742647400458477 0.208972820646307205772 0.971649462838863331449)) (status updated) (tag shoulderLeft)) ((child (((child (((pixel (nan nan)) (position (0.0842927102202195299707 -0.355572086430748057762 0.356709264674301806952)) (status updated) (tag handRight)))) (pixel (nan nan)) (position (-0.082821373390512084689 -0.293697920241284771148 0.73940802723687015785)) (status updated) (tag elbowRight)))) (pixel (nan nan)) (position (-0.0393866742647401707478 -0.208972820646307205772 0.971649462838863331449)) (status updated) (tag shoulderRight)) ((child (((child (((child (((child (((pixel (nan nan)) (position (nan nan nan)) (status stale) (tag footLeft)))) (pixel (nan nan)) (position (nan nan nan)) (status stale) (tag ankleLeft)))) (pixel (nan nan)) (position (nan nan nan)) (status stale) (tag kneeLeft)))) (pixel (nan nan)) (position (-2.77555756156289135106e-17 0.100000000000000005551 6.24500451351650553988e-17)) (status updated) (tag hipLeft)) ((child (((child (((child (((pixel (nan nan)) (position (nan nan nan)) (status stale) (tag footRight)))) (pixel (nan nan)) (position (nan nan nan)) (status stale) (tag ankleRight)))) (pixel (nan nan)) (position (nan nan nan)) (status stale) (tag kneeRight)))) (pixel (nan nan)) (position (-2.77555756156289135106e-17 -0.100000000000000005551 5.20417042793042128324e-17)) (status updated) (tag hipRight)))) (pixel (nan nan)) (position (-2.77555756156289135106e-17 -1.23259516440783094596e-32 5.898059818321144121e-17)) (status updated) (tag hipCenter)))) (pixel (nan nan)) (position (-0.0652094695600529961066 2.64444585987572170743e-17 0.995067095298242443313)) (status updated) (tag shoulderCenter)))) (stamp 1664546987.01892995834) (tag robot) (transformation (4 4 (-1.67713217418531997512e-16 -0.140658580454731146903 0.990058161798820668409 0.0493136204869946415119 -1.0 4.54057951289152670919e-17 -1.6294649037402901184e-16 3.15319353250217477853e-18 -2.20345560342562706861e-17 -0.990058161798820668409 -0.140658580454731146903 1.18042273211719317416 0.0 0.0 0.0 1.0))) (transverse (-0.0653924714582408139751 2.65186715336694783779e-17 0.997859621728719448086)) (type "assistive_rehab::SkeletonStd") (id 0))
-1 0.000000 1664546987.157445 sync ((coronal (0.997859621728719448086 -2.98203269797413564676e-16 0.0653924714582408139751)) (sagittal (2.98842906661357839669e-16 1.0 0.0)) (skeleton (((child (((pixel (nan nan)) (position (0.0493136204869946415119 3.15319353250217477853e-18 1.18042273211719317416)) (status updated) (tag head)) ((child (((child (((pixel (nan nan)) (position (0.0855255636607174102304 0.356103258353675400372 0.357314356375845243452)) (status updated) (tag handLeft)))) (pixel (nan nan)) (position (-0.0828213733905119181555 0.293697920241284715637 0.73940802723687015785)) (status updated) (tag elbowLeft)))) (pixel (nan nan)) (position (-0.0393866742647400458477 0.208972820646307205772 0.971649462838863331449)) (status updated) (tag shoulderLeft)) ((child (((child (((pixel (nan nan)) (position (0.0842950246718850298988 -0.35557117294189433121 0.356710127649592478871)) (status updated) (tag handRight)))) (pixel (nan nan)) (position (-0.082821373390512084689 -0.293697920241284771148 0.73940802723687015785)) (status updated) (tag elbowRight)))) (pixel (nan nan)) (position (-0.0393866742647401707478 -0.208972820646307205772 0.971649462838863331449)) (status updated) (tag shoulderRight)) ((child (((child (((child (((child (((pixel (nan nan)) (position (nan nan nan)) (status stale) (tag footLeft)))) (pixel (nan nan)) (position (nan nan nan)) (status stale) (tag ankleLeft)))) (pixel (nan nan)) (position (nan nan nan)) (status stale) (tag kneeLeft)))) (pixel (nan nan)) (position (-2.77555756156289135106e-17 0.100000000000000005551 6.24500451351650553988e-17)) (status updated) (tag hipLeft)) ((child (((child (((child (((pixel (nan nan)) (position (nan nan nan)) (status stale) (tag footRight)))) (pixel (nan nan)) (position (nan nan nan)) (status stale) (tag ankleRight)))) (pixel (nan nan)) (position (nan nan nan)) (status stale) (tag kneeRight)))) (pixel (nan nan)) (position (-2.77555756156289135106e-17 -0.100000000000000005551 5.20417042793042128324e-17)) (status updated) (tag hipRight)))) (pixel (nan nan)) (position (-2.77555756156289135106e-17 -1.23259516440783094596e-32 5.898059818321144121e-17)) (status updated) (tag hipCenter)))) (pixel (nan nan)) (position (-0.0652094695600529961066 2.64444585987572170743e-17 0.995067095298242443313)) (status updated) (tag shoulderCenter)))) (stamp 1664546987.12067008018) (tag robot) (transformation (4 4 (-1.67713217418531997512e-16 -0.140658580454731146903 0.990058161798820668409 0.0493136204869946415119 -1.0 4.54057951289152670919e-17 -1.6294649037402901184e-16 3.15319353250217477853e-18 -2.20345560342562706861e-17 -0.990058161798820668409 -0.140658580454731146903 1.18042273211719317416 0.0 0.0 0.0 1.0))) (transverse (-0.0653924714582408139751 2.65186715336694783779e-17 0.997859621728719448086)) (type "assistive_rehab::SkeletonStd") (id 0))
-1 0.000000 1664546987.257938 sync ((coronal (0.997859621728719448086 -2.98203269797413564676e-16 0.0653924714582408139751)) (sagittal (2.98842906661357839669e-16 1.0 0.0)) (skeleton (((child (((pixel (nan nan)) (position (0.0493136204869946415119 3.15319353250217477853e-18 1.18042273211719317416)) (status updated) (tag head)) ((child (((child (((pixel (nan nan)) (position (0.0855278526173413045086 0.356102463262236046404 0.357315235019575461184)) (status updated) (tag handLeft)))) (pixel (nan nan)) (position (-0.0828213733905119181555 0.293697920241284715637 0.73940802723687015785)) (status updated) (tag elbowLeft)))) (pixel (nan nan)) (position (-0.0393866742647400458477 0.208972820646307205772 0.971649462838863331449)) (status updated) (tag shoulderLeft)) ((child (((child (((pixel (nan nan)) (position (0.0842927102202195299707 -0.355572086430748057762 0.356709264674301806952)) (status updated) (tag handRight)))) (pixel (nan nan)) (position (-0.082821373390512084689 -0.293697920241284771148 0.73940802723687015785)) (status updated) (tag elbowRight)))) (pixel (nan nan)) (position (-0.0393866742647401707478 -0.208972820646307205772 0.971649462838863331449)) (status updated) (tag shoulderRight)) ((child (((child (((child (((child (((pixel (nan nan)) (position (nan nan nan)) (status stale) (tag footLeft)))) (pixel (nan nan)) (position (nan nan nan)) (status stale) (tag ankleLeft)))) (pixel (nan nan)) (position (nan nan nan)) (status stale) (tag kneeLeft)))) (pixel (nan nan)) (position (-2.77555756156289135106e-17 0.100000000000000005551 6.24500451351650553988e-17)) (status updated) (tag hipLeft)) ((child (((child (((child (((pixel (nan nan)) (position (nan nan nan)) (status stale) (tag footRight)))) (pixel (nan nan)) (position (nan nan nan)) (status stale) (tag ankleRight)))) (pixel (nan nan)) (position (nan nan nan)) (status stale) (tag kneeRight)))) (pixel (nan nan)) (position (-2.77555756156289135106e-17 -0.100000000000000005551 5.20417042793042128324e-17)) (status updated) (tag hipRight)))) (pixel (nan nan)) (position (-2.77555756156289135106e-17 -1.23259516440783094596e-32 5.898059818321144121e-17)) (status updated) (tag hipCenter)))) (pixel (nan nan)) (position (-0.0652094695600529961066 2.64444585987572170743e-17 0.995067095298242443313)) (status updated) (tag shoulderCenter)))) (stamp 1664546987.21761989594) (tag robot) (transformation (4 4 (-1.67713217418531997512e-16 -0.140658580454731146903 0.990058161798820668409 0.0493136204869946415119 -1.0 4.54057951289152670919e-17 -1.6294649037402901184e-16 3.15319353250217477853e-18 -2.20345560342562706861e-17 -0.990058161798820668409 -0.140658580454731146903 1.18042273211719317416 0.0 0.0 0.0 1.0))) (transverse (-0.0653924714582408139751 2.65186715336694783779e-17 0.997859621728719448086)) (type "assistive_rehab::SkeletonStd") (id 0))
-1 0.000000 1664546987.379371 sync ((coronal (0.997859024188383902931 -2.98203091226722814603e-16 0.0654015890159128088222)) (sagittal (2.98842906661357839669e-16 1.0 0.0)) (skeleton (((child (((pixel (nan nan)) (position (0.0490215516263126441232 3.21541501170159928759e-18 1.18057485369020565003)) (status updated) (tag head)) ((child (((child (((pixel (nan nan)) (position (0.0855255636607174518637 0.356103258353675400372 0.357314356375845187941)) (status updated) (tag handLeft)))) (pixel (nan nan)) (position (-0.0828213733905118765222 0.293697920241284715637 0.739408027236870268872)) (status updated) (tag elbowLeft)))) (pixel (nan nan)) (position (-0.0393866742647400042143 0.208972820646307205772 0.971649462838863442471)) (status updated) (tag shoulderLeft)) ((child (((child (((pixel (nan nan)) (position (0.0842950246718850715322 -0.35557117294189433121 0.356710127649592478871)) (status updated) (tag handRight)))) (pixel (nan nan)) (position (-0.0828213733905120430556 -0.293697920241284771148 0.739408027236870268872)) (status updated) (tag elbowRight)))) (pixel (nan nan)) (position (-0.0393866742647401291144 -0.208972820646307205772 0.971649462838863442471)) (status updated) (tag shoulderRight)) ((child (((child (((child (((child (((pixel (nan nan)) (position (nan nan nan)) (status stale) (tag footLeft)))) (pixel (nan nan)) (position (nan nan nan)) (status stale) (tag ankleLeft)))) (pixel (nan nan)) (position (nan nan nan)) (status stale) (tag kneeLeft)))) (pixel (nan nan)) (position (0.0 0.100000000000000005551 1.31838984174237339175e-16)) (status updated) (tag hipLeft)) ((child (((child (((child (((pixel (nan nan)) (position (nan nan nan)) (status stale) (tag footRight)))) (pixel (nan nan)) (position (nan nan nan)) (status stale) (tag ankleRight)))) (pixel (nan nan)) (position (nan nan nan)) (status stale) (tag kneeRight)))) (pixel (nan nan)) (position (0.0 -0.100000000000000005551 1.21430643318376496609e-16)) (status updated) (tag hipRight)))) (pixel (nan nan)) (position (0.0 0.0 1.24900090270330110798e-16)) (status updated) (tag hipCenter)))) (pixel (nan nan)) (position (-0.0652170711096631272596 2.64477494160212310611e-17 0.995043758372276765378)) (status updated) (tag shoulderCenter)))) (stamp 1664546987.31912994385) (tag robot) (transformation (4 4 (-1.67773437038179487414e-16 -0.139139681650998575657 0.990272764944113093044 0.0490215516263126441232 -1.0 4.50469128700197692774e-17 -1.630920587129338692e-16 3.21541501170159928759e-18 -2.19161538308674406343e-17 -0.990272764944113093044 -0.139139681650998575657 1.18057485369020565003 0.0 0.0 0.0 1.0))) (transverse (-0.0654015890159128088222 2.65225777280601857012e-17 0.997859024188383902931)) (type "assistive_rehab::SkeletonStd") (id 0))
-1 0.000000 1664546987.458205 sync ((coronal (0.997859621728719448086 -2.98203269797413564676e-16 0.0653924714582408139751)) (sagittal (2.98842906661357839669e-16 1.0 0.0)) (skeleton (((child (((pixel (nan nan)) (position (0.0493136204869946415119 3.15319353250217477853e-18 1.18042273211719317416)) (status updated) (tag head)) ((child (((child (((pixel (nan nan)) (position (0.0855278526173413045086 0.356102463262236046404 0.357315235019575461184)) (status updated) (tag handLeft)))) (pixel (nan nan)) (position (-0.0828213733905119181555 0.293697920241284715637 0.73940802723687015785)) (status updated) (tag elbowLeft)))) (pixel (nan nan)) (position (-0.0393866742647400458477 0.208972820646307205772 0.971649462838863331449)) (status updated) (tag shoulderLeft)) ((child (((child (((pixel (nan nan)) (position (0.0842927102202195299707 -0.355572086430748057762 0.356709264674301806952)) (status updated) (tag handRight)))) (pixel (nan nan)) (position (-0.082821373390512084689 -0.293697920241284771148 0.73940802723687015785)) (status updated) (tag elbowRight)))) (pixel (nan nan)) (position (-0.0393866742647401707478 -0.208972820646307205772 0.971649462838863331449)) (status updated) (tag shoulderRight)) ((child (((child (((child (((child (((pixel (nan nan)) (position (nan nan nan)) (status stale) (tag footLeft)))) (pixel (nan nan)) (position (nan nan nan)) (status stale) (tag ankleLeft)))) (pixel (nan nan)) (position (nan nan nan)) (status stale) (tag kneeLeft)))) (pixel (nan nan)) (position (-2.77555756156289135106e-17 0.100000000000000005551 6.24500451351650553988e-17)) (status updated) (tag hipLeft)) ((child (((child (((child (((pixel (nan nan)) (position (nan nan nan)) (status stale) (tag footRight)))) (pixel (nan nan)) (position (nan nan nan)) (status stale) (tag ankleRight)))) (pixel (nan nan)) (position (nan nan nan)) (status stale) (tag kneeRight)))) (pixel (nan nan)) (position (-2.77555756156289135106e-17 -0.100000000000000005551 5.20417042793042128324e-17)) (status updated) (tag hipRight)))) (pixel (nan nan)) (position (-2.77555756156289135106e-17 -1.23259516440783094596e-32 5.898059818321144121e-17)) (status updated) (tag hipCenter)))) (pixel (nan nan)) (position (-0.0652094695600529961066 2.64444585987572170743e-17 0.995067095298242443313)) (status updated) (tag shoulderCenter)))) (stamp 1664546987.42155003548) (tag robot) (transformation (4 4 (-1.67713217418531997512e-16 -0.140658580454731146903 0.990058161798820668409 0.0493136204869946415119 -1.0 4.54057951289152670919e-17 -1.6294649037402901184e-16 3.15319353250217477853e-18 -2.20345560342562706861e-17 -0.990058161798820668409 -0.140658580454731146903 1.18042273211719317416 0.0 0.0 0.0 1.0))) (transverse (-0.0653924714582408139751 2.65186715336694783779e-17 0.997859621728719448086)) (type "assistive_rehab::SkeletonStd") (id 0))
-1 0.000000 1664546987.627183 sync ((coronal (0.997859621728719448086 -2.98203269797413564676e-16 0.0653924714582408139751)) (sagittal (2.98842906661357839669e-16 1.0 0.0)) (skeleton (((child (((pixel (nan nan)) (position (0.0493136204869946415119 3.15319353250217477853e-18 1.18042273211719317416)) (status updated) (tag head)) ((child (((child (((pixel (nan nan)) (position (0.0855278526173413045086 0.356102463262236046404 0.357315235019575461184)) (status updated) (tag handLeft)))) (pixel (nan nan)) (position (-0.0828213733905119181555 0.293697920241284715637 0.73940802723687015785)) (status updated) (tag elbowLeft)))) (pixel (nan nan)) (position (-0.0393866742647400458477 0.208972820646307205772 0.971649462838863331449)) (status updated) (tag shoulderLeft)) ((child (((child (((pixel (nan nan)) (position (0.0842927102202195299707 -0.355572086430748057762 0.356709264674301806952)) (status updated) (tag handRight)))) (pixel (nan nan)) (position (-0.082821373390512084689 -0.293697920241284771148 0.73940802723687015785)) (status updated) (tag elbowRight)))) (pixel (nan nan)) (position (-0.0393866742647401707478 -0.208972820646307205772 0.971649462838863331449)) (status updated) (tag shoulderRight)) ((child (((child (((child (((child (((pixel (nan nan)) (position (nan nan nan)) (status stale) (tag footLeft)))) (pixel (nan nan)) (position (nan nan nan)) (status stale) (tag ankleLeft)))) (pixel (nan nan)) (position (nan nan nan)) (status stale) (tag kneeLeft)))) (pixel (nan nan)) (position (-2.77555756156289135106e-17 0.100000000000000005551 6.24500451351650553988e-17)) (status updated) (tag hipLeft)) ((child (((child (((child (((pixel (nan nan)) (position (nan nan nan)) (status stale) (tag footRight)))) (pixel (nan nan)) (position (nan nan nan)) (status stale) (tag ankleRight)))) (pixel (nan nan)) (position (nan nan nan)) (status stale) (tag kneeRight)))) (pixel (nan nan)) (position (-2.77555756156289135106e-17 -0.100000000000000005551 5.20417042793042128324e-17)) (status updated) (tag hipRight)))) (pixel (nan nan)) (position (-2.77555756156289135106e-17 -1.23259516440783094596e-32 5.898059818321144121e-17)) (status updated) (tag hipCenter)))) (pixel (nan nan)) (position (-0.0652094695600529961066 2.64444585987572170743e-17 0.995067095298242443313)) (status updated) (tag shoulderCenter)))) (stamp 1664546987.51793003082) (tag robot) (transformation (4 4 (-1.67713217418531997512e-16 -0.140658580454731146903 0.990058161798820668409 0.0493136204869946415119 -1.0 4.54057951289152670919e-17 -1.6294649037402901184e-16 3.15319353250217477853e-18 -2.20345560342562706861e-17 -0.990058161798820668409 -0.140658580454731146903 1.18042273211719317416 0.0 0.0 0.0 1.0))) (transverse (-0.0653924714582408139751 2.65186715336694783779e-17 0.997859621728719448086)) (type "assistive_rehab::SkeletonStd") (id 0))
